ideal_mse =

   23.4572   23.2745   23.4220   22.5226   23.3199   24.1615


mse =

   23.4254   23.4903   22.9761   22.2110   22.7156   23.3224


msec2 =

    0.1166    1.5166    0.9993    1.0594    1.1830    1.5300


msec3 =

    0.0608