ideal_mse =

     0     0     0     0     0     0


mse =

   -2.16763023899940e-12	0.0451839786713343	-2.16763023899940e-12	-2.16763023899940e-12	-2.70953779874925e-12	-2.70953779874925e-12


msec2 = 

1.60230458153696e-05	0.210992289077627	1.60230458153696e-05	1.60230458153696e-05	1.60230458151693e-05	1.60230458151693e-05


msec3 =

    0.0176