ideal_mse =

   38.0658   38.1066   37.9144   36.4069   37.9897   39.2659


mse =

   38.0142   38.1393   37.1936   35.8649   37.2921   37.8632


msec2 =

    0.1066    1.4390    1.1693    1.2273    0.9849    2.1137


msec3 =

    0.0656