ideal_mse =

   55.2343   55.7159   54.9189   52.8508   55.3159   56.9016


mse =

   54.3641   55.8030   53.6563   52.0186   54.2753   53.8320


msec2 =

    0.6288    1.2659    1.6378    1.4192    1.1721    3.2828


msec3 =

    0.4464
